Data from: lahore_clean.csv
Longest dry period: 316
Storage capacity, Temporal reliability, Volumetric reliability, Overflow fraction, Total failure (fraction)
0.100, 0.123, 0.149, 0.880, 0.813
0.105, 0.123, 0.150, 0.879, 0.813
0.110, 0.123, 0.151, 0.878, 0.813
0.115, 0.124, 0.153, 0.877, 0.812
0.120, 0.136, 0.154, 0.876, 0.801
0.125, 0.136, 0.155, 0.876, 0.801
0.130, 0.136, 0.156, 0.875, 0.801
0.135, 0.137, 0.157, 0.874, 0.801
0.140, 0.137, 0.158, 0.873, 0.801
0.145, 0.137, 0.160, 0.872, 0.801
0.150, 0.138, 0.161, 0.871, 0.800
0.155, 0.138, 0.162, 0.870, 0.800
0.160, 0.138, 0.163, 0.869, 0.800
0.165, 0.138, 0.164, 0.868, 0.800
0.170, 0.139, 0.165, 0.867, 0.799
0.175, 0.139, 0.166, 0.866, 0.799
0.180, 0.150, 0.168, 0.865, 0.799
0.185, 0.150, 0.169, 0.865, 0.789
0.190, 0.150, 0.170, 0.864, 0.789
0.195, 0.150, 0.171, 0.863, 0.789
0.200, 0.150, 0.172, 0.862, 0.789
0.205, 0.150, 0.173, 0.861, 0.789
0.210, 0.151, 0.174, 0.860, 0.788
0.215, 0.151, 0.175, 0.859, 0.788
0.220, 0.151, 0.176, 0.859, 0.788
0.225, 0.152, 0.177, 0.858, 0.788
0.230, 0.152, 0.178, 0.857, 0.787
0.235, 0.153, 0.179, 0.856, 0.787
0.240, 0.162, 0.180, 0.855, 0.777
0.245, 0.162, 0.181, 0.855, 0.777
0.250, 0.162, 0.182, 0.854, 0.777
0.255, 0.163, 0.183, 0.853, 0.777
0.260, 0.163, 0.184, 0.852, 0.777
0.265, 0.163, 0.185, 0.851, 0.777
0.270, 0.163, 0.186, 0.851, 0.777
0.275, 0.164, 0.187, 0.850, 0.776
0.280, 0.164, 0.188, 0.849, 0.776
0.285, 0.165, 0.189, 0.848, 0.776
0.290, 0.165, 0.190, 0.847, 0.776
0.295, 0.165, 0.191, 0.847, 0.775
0.300, 0.175, 0.192, 0.846, 0.767
0.305, 0.175, 0.193, 0.845, 0.767
0.310, 0.175, 0.194, 0.844, 0.767
0.315, 0.175, 0.195, 0.844, 0.767
0.320, 0.175, 0.196, 0.843, 0.767
0.325, 0.175, 0.197, 0.842, 0.767
0.330, 0.176, 0.198, 0.841, 0.767
0.335, 0.176, 0.198, 0.841, 0.766
0.340, 0.177, 0.199, 0.840, 0.766
0.345, 0.177, 0.200, 0.839, 0.766
0.350, 0.177, 0.201, 0.838, 0.765
0.355, 0.178, 0.202, 0.838, 0.765
0.360, 0.186, 0.203, 0.837, 0.765
0.365, 0.186, 0.204, 0.836, 0.759
0.370, 0.186, 0.205, 0.836, 0.758
0.375, 0.187, 0.205, 0.835, 0.758
0.380, 0.187, 0.206, 0.834, 0.758
0.385, 0.187, 0.207, 0.834, 0.758
0.390, 0.187, 0.208, 0.833, 0.758
0.395, 0.188, 0.209, 0.832, 0.757
0.400, 0.188, 0.209, 0.832, 0.757
0.405, 0.189, 0.210, 0.831, 0.756
0.410, 0.189, 0.211, 0.830, 0.756
0.415, 0.190, 0.212, 0.830, 0.755
0.420, 0.196, 0.213, 0.829, 0.750
0.425, 0.196, 0.214, 0.828, 0.750
0.430, 0.196, 0.214, 0.828, 0.749
0.435, 0.196, 0.215, 0.827, 0.749
0.440, 0.197, 0.216, 0.827, 0.749
0.445, 0.197, 0.217, 0.826, 0.749
0.450, 0.197, 0.218, 0.825, 0.749
0.455, 0.198, 0.218, 0.825, 0.749
0.460, 0.198, 0.219, 0.824, 0.748
0.465, 0.199, 0.220, 0.823, 0.748
0.470, 0.199, 0.221, 0.823, 0.747
0.475, 0.200, 0.221, 0.822, 0.746
0.480, 0.206, 0.222, 0.821, 0.746
0.485, 0.206, 0.223, 0.821, 0.741
0.490, 0.206, 0.224, 0.820, 0.740
0.495, 0.206, 0.225, 0.820, 0.740
0.500, 0.206, 0.225, 0.819, 0.740
0.505, 0.206, 0.226, 0.818, 0.740
0.510, 0.207, 0.227, 0.818, 0.740
0.515, 0.207, 0.228, 0.817, 0.739
0.520, 0.207, 0.228, 0.817, 0.739
0.525, 0.208, 0.229, 0.816, 0.739
0.530, 0.209, 0.230, 0.815, 0.738
0.535, 0.209, 0.231, 0.815, 0.737
0.540, 0.215, 0.231, 0.814, 0.732
0.545, 0.215, 0.232, 0.813, 0.732
0.550, 0.215, 0.233, 0.813, 0.732
0.555, 0.216, 0.234, 0.812, 0.732
0.560, 0.216, 0.234, 0.812, 0.732
0.565, 0.216, 0.235, 0.811, 0.732
0.570, 0.216, 0.236, 0.810, 0.731
0.575, 0.216, 0.237, 0.810, 0.731
0.580, 0.217, 0.237, 0.809, 0.730
0.585, 0.218, 0.238, 0.809, 0.730
0.590, 0.218, 0.239, 0.808, 0.730
0.595, 0.219, 0.240, 0.808, 0.729
0.600, 0.224, 0.240, 0.807, 0.724
0.605, 0.224, 0.241, 0.806, 0.724
0.610, 0.224, 0.242, 0.806, 0.724
0.615, 0.225, 0.242, 0.805, 0.724
0.620, 0.225, 0.243, 0.805, 0.724
0.625, 0.225, 0.244, 0.804, 0.724
0.630, 0.225, 0.244, 0.804, 0.723
0.635, 0.226, 0.245, 0.803, 0.723
0.640, 0.226, 0.246, 0.803, 0.723
0.645, 0.227, 0.246, 0.802, 0.722
0.650, 0.227, 0.247, 0.801, 0.722
0.655, 0.228, 0.248, 0.801, 0.721
0.660, 0.232, 0.249, 0.800, 0.717
0.665, 0.232, 0.249, 0.800, 0.717
0.670, 0.233, 0.250, 0.799, 0.717
0.675, 0.233, 0.251, 0.799, 0.716
0.680, 0.233, 0.251, 0.798, 0.716
0.685, 0.233, 0.252, 0.798, 0.716
0.690, 0.234, 0.253, 0.797, 0.716
0.695, 0.234, 0.253, 0.797, 0.716
0.700, 0.234, 0.254, 0.796, 0.715
0.705, 0.235, 0.255, 0.796, 0.715
0.710, 0.235, 0.255, 0.795, 0.714
0.715, 0.236, 0.256, 0.795, 0.714
0.720, 0.236, 0.256, 0.794, 0.714
0.725, 0.241, 0.257, 0.793, 0.710
0.730, 0.241, 0.258, 0.793, 0.710
0.735, 0.241, 0.258, 0.792, 0.709
0.740, 0.241, 0.259, 0.792, 0.709
0.745, 0.241, 0.260, 0.791, 0.709
0.750, 0.242, 0.260, 0.791, 0.709
0.755, 0.242, 0.261, 0.790, 0.708
0.760, 0.243, 0.262, 0.790, 0.708
0.765, 0.243, 0.262, 0.789, 0.708
0.770, 0.244, 0.263, 0.789, 0.707
0.775, 0.244, 0.264, 0.788, 0.706
0.780, 0.245, 0.264, 0.788, 0.706
0.785, 0.249, 0.265, 0.787, 0.703
0.790, 0.249, 0.265, 0.787, 0.703
0.795, 0.249, 0.266, 0.786, 0.703
0.800, 0.249, 0.267, 0.786, 0.703
0.805, 0.249, 0.267, 0.785, 0.702
0.810, 0.250, 0.268, 0.785, 0.702
0.815, 0.250, 0.269, 0.784, 0.702
0.820, 0.251, 0.269, 0.784, 0.701
0.825, 0.251, 0.270, 0.783, 0.701
0.830, 0.252, 0.270, 0.783, 0.700
0.835, 0.253, 0.271, 0.782, 0.700
0.840, 0.253, 0.272, 0.782, 0.700
0.845, 0.256, 0.272, 0.781, 0.696
0.850, 0.257, 0.273, 0.781, 0.696
0.855, 0.257, 0.274, 0.780, 0.696
0.860, 0.257, 0.274, 0.780, 0.696
0.865, 0.257, 0.275, 0.779, 0.696
0.870, 0.258, 0.275, 0.779, 0.695
0.875, 0.258, 0.276, 0.778, 0.695
0.880, 0.258, 0.277, 0.778, 0.695
0.885, 0.259, 0.277, 0.777, 0.694
0.890, 0.259, 0.278, 0.777, 0.694
0.895, 0.260, 0.278, 0.776, 0.693
0.900, 0.260, 0.279, 0.776, 0.693
0.905, 0.264, 0.280, 0.775, 0.690
0.910, 0.264, 0.280, 0.775, 0.690
0.915, 0.264, 0.281, 0.774, 0.689
0.920, 0.264, 0.281, 0.774, 0.689
0.925, 0.265, 0.282, 0.773, 0.689
0.930, 0.265, 0.283, 0.773, 0.689
0.935, 0.265, 0.283, 0.773, 0.688
0.940, 0.266, 0.284, 0.772, 0.688
0.945, 0.266, 0.284, 0.772, 0.688
0.950, 0.267, 0.285, 0.771, 0.687
0.955, 0.268, 0.286, 0.771, 0.686
0.960, 0.268, 0.286, 0.770, 0.686
0.965, 0.271, 0.287, 0.770, 0.683
0.970, 0.271, 0.287, 0.769, 0.683
0.975, 0.271, 0.288, 0.769, 0.683
0.980, 0.271, 0.288, 0.768, 0.683
0.985, 0.272, 0.289, 0.768, 0.682
0.990, 0.272, 0.290, 0.767, 0.682
0.995, 0.272, 0.290, 0.767, 0.682
1.000, 0.273, 0.291, 0.766, 0.682
