Data from lahore_clean.csv
Storage capacity, Streak (max), Streak (average), Volume (max), Volume (average)
0.10, 30, 5.92, 0.77, 4.38
0.11, 30, 5.98, 0.77, 4.44
0.11, 30, 5.95, 0.77, 4.43
0.12, 30, 5.97, 0.77, 4.46
0.12, 30, 5.95, 0.77, 4.45
0.12, 30, 5.94, 0.77, 4.45
0.13, 30, 5.92, 0.77, 4.47
0.14, 30, 5.93, 0.77, 4.50
0.14, 30, 5.91, 0.77, 4.50
0.15, 30, 5.91, 0.77, 4.49
0.15, 30, 5.86, 0.77, 4.49
0.15, 30, 5.92, 0.77, 4.54
0.16, 30, 5.92, 0.77, 4.54
0.17, 30, 6.04, 0.77, 4.67
0.17, 30, 6.03, 0.77, 4.66
0.17, 30, 6.04, 0.77, 4.69
0.18, 30, 6.04, 0.77, 4.72
0.18, 30, 6.03, 0.77, 4.71
0.19, 30, 6.05, 0.77, 4.74
0.20, 30, 6.04, 0.77, 4.74
0.20, 30, 6.04, 0.77, 4.77
0.21, 30, 6.06, 0.77, 4.80
0.21, 30, 6.06, 0.77, 4.80
0.22, 30, 6.06, 0.77, 4.86
0.22, 30, 6.06, 0.77, 4.86
0.23, 30, 6.02, 0.77, 4.85
0.23, 30, 6.03, 0.77, 4.89
0.24, 30, 6.01, 0.77, 4.88
0.24, 30, 6.04, 0.77, 4.92
0.24, 30, 5.98, 0.77, 4.91
0.25, 30, 5.98, 0.77, 4.91
0.26, 30, 5.98, 0.77, 4.90
0.26, 30, 6.02, 0.77, 4.97
0.27, 30, 6.02, 0.77, 4.97
0.27, 30, 6.02, 0.77, 4.96
0.28, 30, 6.01, 0.77, 4.96
0.28, 30, 5.99, 0.77, 4.95
0.29, 30, 5.98, 0.77, 4.95
0.29, 30, 6.10, 0.77, 5.06
0.30, 30, 6.14, 0.77, 5.10
0.30, 30, 6.09, 0.77, 5.10
0.31, 30, 6.11, 0.77, 5.13
0.31, 30, 6.11, 0.77, 5.13
0.32, 30, 6.11, 0.77, 5.12
0.32, 30, 6.11, 0.77, 5.16
0.33, 30, 6.08, 0.77, 5.16
0.33, 30, 6.07, 0.77, 5.15
0.34, 30, 6.07, 0.77, 5.15
0.34, 30, 6.06, 0.77, 5.14
0.34, 30, 6.06, 0.77, 5.14
0.35, 30, 6.03, 0.77, 5.13
0.35, 30, 6.07, 0.77, 5.17
0.36, 30, 6.04, 0.77, 5.17
0.36, 30, 6.00, 0.77, 5.16
0.37, 30, 5.98, 0.77, 5.16
0.38, 30, 6.02, 0.77, 5.24
0.38, 30, 6.01, 0.77, 5.24
0.39, 30, 6.01, 0.77, 5.23
0.39, 30, 6.05, 0.77, 5.27
0.40, 30, 6.04, 0.77, 5.27
0.40, 30, 6.03, 0.77, 5.27
0.41, 30, 6.00, 0.77, 5.26
0.41, 30, 5.99, 0.77, 5.26
0.42, 30, 5.97, 0.77, 5.25
0.42, 30, 5.96, 0.77, 5.25
0.43, 30, 5.93, 0.77, 5.24
0.43, 30, 5.87, 0.77, 5.24
0.44, 30, 5.86, 0.77, 5.24
0.44, 30, 5.86, 0.77, 5.23
0.45, 30, 5.85, 0.77, 5.23
0.45, 30, 5.92, 0.77, 5.31
0.45, 30, 5.89, 0.77, 5.31
0.46, 30, 5.88, 0.77, 5.31
0.46, 30, 5.86, 0.77, 5.30
0.47, 30, 5.85, 0.77, 5.30
0.47, 30, 5.84, 0.77, 5.29
0.48, 30, 5.83, 0.77, 5.29
0.48, 30, 5.83, 0.77, 5.29
0.49, 30, 5.82, 0.77, 5.33
0.49, 30, 5.82, 0.77, 5.32
0.50, 30, 5.82, 0.77, 5.32
0.51, 30, 5.86, 0.77, 5.36
0.51, 30, 5.86, 0.77, 5.36
0.52, 30, 5.85, 0.77, 5.35
0.52, 30, 5.83, 0.77, 5.35
0.53, 30, 5.82, 0.77, 5.35
0.53, 30, 5.82, 0.77, 5.34
0.54, 30, 5.82, 0.77, 5.39
0.54, 30, 5.80, 0.77, 5.38
0.55, 30, 5.83, 0.77, 5.43
0.55, 30, 5.83, 0.77, 5.42
0.56, 30, 5.81, 0.77, 5.42
0.56, 30, 5.79, 0.77, 5.41
0.57, 30, 5.77, 0.77, 5.41
0.57, 30, 5.76, 0.77, 5.41
0.58, 30, 5.75, 0.77, 5.40
0.58, 30, 5.84, 0.77, 5.50
0.58, 30, 5.83, 0.77, 5.49
0.59, 30, 5.82, 0.77, 5.49
0.59, 30, 5.81, 0.77, 5.48
0.60, 30, 5.81, 0.77, 5.48
0.60, 30, 5.79, 0.77, 5.48
0.61, 30, 5.77, 0.77, 5.47
0.61, 30, 5.76, 0.77, 5.47
0.62, 30, 5.75, 0.77, 5.47
0.62, 30, 5.75, 0.77, 5.46
0.63, 30, 5.74, 0.77, 5.46
0.64, 30, 5.72, 0.77, 5.45
0.64, 30, 5.80, 0.77, 5.55
0.65, 30, 5.79, 0.77, 5.55
0.65, 30, 5.79, 0.77, 5.54
0.66, 30, 5.78, 0.77, 5.54
0.66, 30, 5.77, 0.77, 5.54
0.67, 30, 5.77, 0.77, 5.53
0.67, 30, 5.77, 0.77, 5.53
0.68, 30, 5.77, 0.77, 5.53
0.68, 30, 5.77, 0.77, 5.52
0.68, 30, 5.73, 0.77, 5.52
0.69, 30, 5.73, 0.77, 5.51
0.69, 30, 5.71, 0.77, 5.51
0.70, 30, 5.70, 0.77, 5.51
0.70, 30, 5.70, 0.77, 5.50
0.71, 30, 5.70, 0.77, 5.50
0.71, 30, 5.69, 0.77, 5.50
0.72, 30, 5.67, 0.77, 5.49
0.72, 30, 5.67, 0.77, 5.49
0.73, 30, 5.63, 0.77, 5.48
0.73, 30, 5.60, 0.77, 5.48
0.74, 30, 5.57, 0.77, 5.48
0.74, 30, 5.56, 0.77, 5.47
0.75, 30, 5.56, 0.77, 5.47
0.76, 30, 5.56, 0.77, 5.47
0.76, 30, 5.55, 0.77, 5.46
0.77, 30, 5.54, 0.77, 5.46
0.77, 30, 5.54, 0.77, 5.46
0.78, 30, 5.54, 0.77, 5.45
0.78, 30, 5.52, 0.77, 5.45
0.79, 30, 5.51, 0.77, 5.45
0.79, 30, 5.51, 0.77, 5.44
0.80, 30, 5.53, 0.77, 5.49
0.80, 30, 5.53, 0.77, 5.49
0.80, 30, 5.53, 0.77, 5.48
0.81, 30, 5.51, 0.77, 5.48
0.81, 30, 5.50, 0.77, 5.48
0.82, 30, 5.50, 0.77, 5.47
0.82, 30, 5.50, 0.77, 5.47
0.83, 30, 5.49, 0.77, 5.47
0.83, 30, 5.49, 0.77, 5.46
0.84, 30, 5.49, 0.77, 5.46
0.84, 30, 5.47, 0.77, 5.45
0.85, 30, 5.45, 0.77, 5.45
0.85, 30, 5.43, 0.77, 5.45
0.86, 30, 5.43, 0.77, 5.44
0.86, 30, 5.41, 0.77, 5.44
0.87, 30, 5.41, 0.77, 5.44
0.88, 30, 5.41, 0.77, 5.43
0.88, 30, 5.41, 0.77, 5.43
0.89, 30, 5.41, 0.77, 5.43
0.89, 30, 5.41, 0.77, 5.42
0.90, 30, 5.41, 0.77, 5.42
0.90, 30, 5.47, 0.77, 5.52
0.91, 30, 5.46, 0.77, 5.52
0.91, 30, 5.48, 0.77, 5.57
0.92, 30, 5.48, 0.77, 5.56
0.92, 30, 5.46, 0.77, 5.56
0.93, 30, 5.45, 0.77, 5.56
0.93, 30, 5.49, 0.77, 5.61
0.93, 30, 5.49, 0.77, 5.60
0.94, 30, 5.48, 0.77, 5.60
0.94, 30, 5.48, 0.77, 5.60
0.95, 30, 5.47, 0.77, 5.59
0.95, 30, 5.47, 0.77, 5.59
0.96, 30, 5.45, 0.77, 5.59
0.96, 30, 5.43, 0.77, 5.58
0.97, 30, 5.43, 0.77, 5.58
0.97, 30, 5.37, 0.77, 5.58
0.98, 30, 5.35, 0.77, 5.57
0.98, 30, 5.35, 0.77, 5.57
0.99, 30, 5.33, 0.77, 5.57
0.99, 30, 5.32, 0.77, 5.56
1.00, 30, 5.32, 0.77, 5.56
