Data from sydney_clean.csv
Storage capacity, Streak (max), Streak (average), Volume (max), Volume (average)
0.25, 10, 1.98, 0.45, 1.11
0.30, 10, 2.01, 0.45, 1.13
0.35, 10, 2.03, 0.45, 1.14
0.40, 10, 2.02, 0.45, 1.16
0.45, 10, 2.01, 0.45, 1.14
0.50, 10, 2.03, 0.45, 1.15
0.55, 10, 2.03, 0.45, 1.15
0.60, 10, 2.04, 0.45, 1.17
0.65, 10, 2.05, 0.45, 1.17
0.70, 10, 2.05, 0.45, 1.16
0.75, 10, 2.04, 0.45, 1.16
0.80, 10, 2.06, 0.45, 1.18
0.85, 10, 2.06, 0.45, 1.17
0.90, 10, 2.06, 0.45, 1.17
0.95, 10, 2.07, 0.45, 1.17
1.00, 10, 2.07, 0.45, 1.17
1.05, 10, 2.07, 0.45, 1.16
1.10, 10, 2.07, 0.45, 1.17
1.15, 10, 2.07, 0.45, 1.17
1.20, 10, 2.07, 0.45, 1.16
1.25, 10, 2.07, 0.45, 1.16
1.30, 10, 2.10, 0.45, 1.18
1.35, 10, 2.10, 0.45, 1.18
1.40, 10, 2.10, 0.45, 1.18
1.45, 10, 2.11, 0.45, 1.19
1.50, 10, 2.10, 0.45, 1.19
1.55, 10, 2.10, 0.45, 1.19
1.60, 10, 2.10, 0.45, 1.18
1.65, 10, 2.09, 0.45, 1.18
1.70, 10, 2.09, 0.45, 1.18
1.75, 10, 2.09, 0.45, 1.18
1.80, 10, 2.10, 0.45, 1.19
1.85, 10, 2.10, 0.45, 1.19
1.90, 10, 2.10, 0.45, 1.19
1.95, 10, 2.11, 0.45, 1.20
2.00, 10, 2.11, 0.45, 1.20
2.05, 10, 2.11, 0.45, 1.20
2.10, 10, 2.11, 0.45, 1.20
2.15, 10, 2.11, 0.45, 1.20
2.20, 10, 2.11, 0.45, 1.19
2.25, 10, 2.11, 0.45, 1.19
2.30, 10, 2.11, 0.45, 1.19
2.35, 10, 2.11, 0.45, 1.19
2.40, 10, 2.11, 0.45, 1.19
2.45, 10, 2.12, 0.45, 1.20
2.50, 10, 2.11, 0.45, 1.20
2.55, 10, 2.11, 0.45, 1.20
2.60, 10, 2.11, 0.45, 1.20
2.65, 10, 2.12, 0.45, 1.21
2.70, 10, 2.12, 0.45, 1.21
2.75, 10, 2.12, 0.45, 1.21
2.80, 10, 2.11, 0.45, 1.21
2.85, 10, 2.11, 0.45, 1.21
2.90, 10, 2.10, 0.45, 1.21
2.95, 10, 2.10, 0.45, 1.20
3.00, 10, 2.10, 0.45, 1.20
3.05, 10, 2.11, 0.45, 1.22
3.10, 10, 2.12, 0.45, 1.23
3.15, 10, 2.12, 0.45, 1.23
3.20, 10, 2.13, 0.45, 1.24
3.25, 10, 2.13, 0.45, 1.24
3.30, 10, 2.13, 0.45, 1.24
3.35, 10, 2.13, 0.45, 1.25
3.40, 10, 2.13, 0.45, 1.25
3.45, 10, 2.13, 0.45, 1.25
3.50, 10, 2.13, 0.45, 1.25
3.55, 10, 2.13, 0.45, 1.25
3.60, 10, 2.13, 0.45, 1.25
3.65, 10, 2.13, 0.45, 1.25
3.70, 10, 2.13, 0.45, 1.25
3.75, 10, 2.13, 0.45, 1.25
3.80, 10, 2.13, 0.45, 1.25
3.85, 10, 2.13, 0.45, 1.25
3.90, 10, 2.12, 0.45, 1.25
3.95, 10, 2.12, 0.45, 1.25
4.00, 10, 2.13, 0.45, 1.26
4.05, 10, 2.13, 0.45, 1.26
4.10, 10, 2.12, 0.45, 1.26
4.15, 10, 2.12, 0.45, 1.26
4.20, 10, 2.11, 0.45, 1.26
4.25, 10, 2.10, 0.45, 1.26
4.30, 10, 2.08, 0.45, 1.26
4.35, 10, 2.08, 0.45, 1.26
4.40, 10, 2.07, 0.45, 1.26
4.45, 10, 2.07, 0.45, 1.26
4.50, 10, 2.07, 0.45, 1.26
4.55, 10, 2.07, 0.45, 1.26
4.60, 10, 2.07, 0.45, 1.25
4.65, 10, 2.07, 0.45, 1.25
4.70, 10, 2.07, 0.45, 1.25
4.75, 10, 2.07, 0.45, 1.25
4.80, 10, 2.07, 0.45, 1.25
4.85, 10, 2.07, 0.45, 1.25
4.90, 10, 2.07, 0.45, 1.25
4.95, 10, 2.07, 0.45, 1.25
5.00, 10, 2.07, 0.45, 1.25
5.05, 10, 2.07, 0.45, 1.25
5.10, 10, 2.07, 0.45, 1.25
5.15, 10, 2.07, 0.45, 1.25
5.20, 10, 2.07, 0.45, 1.25
5.25, 10, 2.07, 0.45, 1.25
5.30, 10, 2.07, 0.45, 1.25
5.35, 10, 2.07, 0.45, 1.25
5.40, 10, 2.07, 0.45, 1.25
5.45, 10, 2.09, 0.45, 1.26
5.50, 10, 2.09, 0.45, 1.26
5.55, 10, 2.09, 0.45, 1.26
5.60, 10, 2.10, 0.45, 1.27
5.65, 10, 2.10, 0.45, 1.27
5.70, 10, 2.10, 0.45, 1.27
5.75, 10, 2.10, 0.45, 1.27
5.80, 10, 2.10, 0.45, 1.27
5.85, 10, 2.10, 0.45, 1.27
5.90, 10, 2.10, 0.45, 1.27
5.95, 10, 2.10, 0.45, 1.27
6.00, 10, 2.10, 0.45, 1.27
6.05, 10, 2.10, 0.45, 1.27
6.10, 10, 2.10, 0.45, 1.27
6.15, 10, 2.10, 0.45, 1.27
6.20, 10, 2.10, 0.45, 1.27
6.25, 10, 2.13, 0.45, 1.30
6.30, 10, 2.14, 0.45, 1.31
6.35, 10, 2.14, 0.45, 1.31
6.40, 10, 2.14, 0.45, 1.31
6.45, 10, 2.14, 0.45, 1.31
6.50, 10, 2.14, 0.45, 1.31
6.55, 10, 2.16, 0.45, 1.33
6.60, 10, 2.16, 0.45, 1.33
6.65, 10, 2.16, 0.45, 1.33
6.70, 10, 2.16, 0.45, 1.33
6.75, 10, 2.16, 0.45, 1.32
6.80, 10, 2.14, 0.45, 1.32
6.85, 10, 2.14, 0.45, 1.32
6.90, 10, 2.14, 0.45, 1.32
6.95, 10, 2.14, 0.45, 1.32
7.00, 10, 2.16, 0.45, 1.34
7.05, 10, 2.16, 0.45, 1.34
7.10, 10, 2.16, 0.45, 1.34
7.15, 10, 2.16, 0.45, 1.34
7.20, 10, 2.16, 0.45, 1.34
7.25, 10, 2.16, 0.45, 1.34
7.30, 10, 2.16, 0.45, 1.33
7.35, 10, 2.16, 0.45, 1.33
7.40, 10, 2.14, 0.45, 1.33
7.45, 10, 2.14, 0.45, 1.33
7.50, 10, 2.14, 0.45, 1.33
7.55, 10, 2.16, 0.45, 1.35
7.60, 10, 2.18, 0.45, 1.37
7.65, 10, 2.18, 0.45, 1.37
7.70, 10, 2.18, 0.45, 1.37
7.75, 10, 2.18, 0.45, 1.36
7.80, 10, 2.18, 0.45, 1.36
7.85, 10, 2.18, 0.45, 1.36
7.90, 10, 2.18, 0.45, 1.36
7.95, 10, 2.18, 0.45, 1.36
8.00, 10, 2.18, 0.45, 1.36
8.05, 10, 2.18, 0.45, 1.36
8.10, 10, 2.16, 0.45, 1.36
8.15, 10, 2.16, 0.45, 1.36
8.20, 10, 2.16, 0.45, 1.36
8.25, 10, 2.16, 0.45, 1.36
8.30, 10, 2.16, 0.45, 1.36
8.35, 10, 2.16, 0.45, 1.36
8.40, 10, 2.16, 0.45, 1.36
8.45, 10, 2.16, 0.45, 1.36
8.50, 10, 2.16, 0.45, 1.35
8.55, 10, 2.16, 0.45, 1.35
8.60, 10, 2.16, 0.45, 1.35
8.65, 10, 2.16, 0.45, 1.35
8.70, 10, 2.16, 0.45, 1.35
8.75, 10, 2.16, 0.45, 1.35
8.80, 10, 2.16, 0.45, 1.35
8.85, 10, 2.15, 0.45, 1.35
8.90, 10, 2.15, 0.45, 1.35
8.95, 10, 2.15, 0.45, 1.35
9.00, 10, 2.15, 0.45, 1.35
9.05, 10, 2.15, 0.45, 1.35
9.10, 10, 2.15, 0.45, 1.35
9.15, 10, 2.15, 0.45, 1.35
9.20, 10, 2.15, 0.45, 1.35
9.25, 10, 2.15, 0.45, 1.34
9.30, 10, 2.15, 0.45, 1.34
9.35, 10, 2.15, 0.45, 1.34
9.40, 10, 2.15, 0.45, 1.34
9.45, 10, 2.15, 0.45, 1.34
9.50, 10, 2.15, 0.45, 1.34
9.55, 10, 2.15, 0.45, 1.34
9.60, 10, 2.15, 0.45, 1.34
9.65, 10, 2.15, 0.45, 1.34
9.70, 10, 2.15, 0.45, 1.34
9.75, 10, 2.15, 0.45, 1.34
9.80, 10, 2.15, 0.45, 1.34
9.85, 10, 2.15, 0.45, 1.34
9.90, 10, 2.15, 0.45, 1.34
9.95, 10, 2.15, 0.45, 1.33
10.00, 10, 2.15, 0.45, 1.33
10.05, 10, 2.15, 0.45, 1.33
10.10, 10, 2.15, 0.45, 1.33
10.15, 10, 2.15, 0.45, 1.33
10.20, 10, 2.15, 0.45, 1.33
10.25, 10, 2.14, 0.45, 1.33
10.30, 10, 2.14, 0.45, 1.33
10.35, 10, 2.14, 0.45, 1.33
10.40, 10, 2.14, 0.45, 1.33
10.45, 10, 2.14, 0.45, 1.33
10.50, 10, 2.12, 0.45, 1.33
10.55, 10, 2.12, 0.45, 1.33
10.60, 10, 2.12, 0.45, 1.33
10.65, 10, 2.12, 0.45, 1.33
10.70, 10, 2.12, 0.45, 1.32
10.75, 10, 2.12, 0.45, 1.32
10.80, 10, 2.12, 0.45, 1.32
10.85, 10, 2.11, 0.45, 1.32
10.90, 10, 2.11, 0.45, 1.32
10.95, 10, 2.11, 0.45, 1.32
11.00, 10, 2.11, 0.45, 1.32
11.05, 10, 2.11, 0.45, 1.32
11.10, 10, 2.11, 0.45, 1.32
11.15, 10, 2.09, 0.45, 1.32
11.20, 10, 2.08, 0.45, 1.32
11.25, 10, 2.10, 0.45, 1.34
11.30, 10, 2.10, 0.45, 1.33
11.35, 10, 2.10, 0.45, 1.33
11.40, 10, 2.10, 0.45, 1.33
11.45, 10, 2.10, 0.45, 1.33
11.50, 10, 2.10, 0.45, 1.33
11.55, 10, 2.10, 0.45, 1.33
11.60, 10, 2.10, 0.45, 1.33
11.65, 10, 2.08, 0.45, 1.33
11.70, 10, 2.08, 0.45, 1.33
11.75, 10, 2.08, 0.45, 1.33
11.80, 10, 2.08, 0.45, 1.33
11.85, 10, 2.08, 0.45, 1.33
11.90, 10, 2.08, 0.45, 1.33
11.95, 10, 2.08, 0.45, 1.33
12.00, 10, 2.08, 0.45, 1.33
12.05, 10, 2.07, 0.45, 1.32
12.10, 10, 2.07, 0.45, 1.32
12.15, 10, 2.07, 0.45, 1.32
12.20, 10, 2.07, 0.45, 1.32
12.25, 10, 2.07, 0.45, 1.32
12.30, 10, 2.07, 0.45, 1.32
12.35, 10, 2.07, 0.45, 1.32
12.40, 10, 2.07, 0.45, 1.32
12.45, 10, 2.07, 0.45, 1.32
12.50, 10, 2.07, 0.45, 1.32
12.55, 10, 2.05, 0.45, 1.32
12.60, 10, 2.04, 0.45, 1.32
12.65, 10, 2.04, 0.45, 1.33
12.70, 10, 2.06, 0.45, 1.35
12.75, 10, 2.04, 0.45, 1.35
12.80, 10, 2.04, 0.45, 1.35
12.85, 10, 2.04, 0.45, 1.35
12.90, 10, 2.04, 0.45, 1.35
12.95, 10, 2.04, 0.45, 1.35
13.00, 10, 2.04, 0.45, 1.35
13.05, 10, 2.04, 0.45, 1.35
13.10, 10, 2.03, 0.45, 1.35
13.15, 10, 2.03, 0.45, 1.35
13.20, 10, 2.03, 0.45, 1.35
13.25, 10, 2.03, 0.45, 1.34
13.30, 10, 2.03, 0.45, 1.34
13.35, 10, 2.03, 0.45, 1.34
13.40, 10, 2.03, 0.45, 1.34
13.45, 10, 2.03, 0.45, 1.34
13.50, 10, 2.03, 0.45, 1.34
13.55, 10, 2.03, 0.45, 1.34
13.60, 10, 2.03, 0.45, 1.34
13.65, 10, 2.03, 0.45, 1.34
13.70, 10, 2.03, 0.45, 1.34
13.75, 10, 2.04, 0.45, 1.36
13.80, 10, 2.06, 0.45, 1.38
13.85, 10, 2.06, 0.45, 1.38
13.90, 10, 2.06, 0.45, 1.37
13.95, 10, 2.06, 0.45, 1.37
14.00, 10, 2.06, 0.45, 1.37
14.05, 10, 2.06, 0.45, 1.37
14.10, 10, 2.06, 0.45, 1.37
14.15, 10, 2.06, 0.45, 1.37
14.20, 10, 2.06, 0.45, 1.37
14.25, 10, 2.06, 0.45, 1.37
14.30, 10, 2.06, 0.45, 1.37
14.35, 10, 2.06, 0.45, 1.37
14.40, 10, 2.06, 0.45, 1.37
14.45, 10, 2.06, 0.45, 1.37
14.50, 10, 2.06, 0.45, 1.37
14.55, 10, 2.06, 0.45, 1.37
14.60, 10, 2.06, 0.45, 1.36
14.65, 10, 2.06, 0.45, 1.36
14.70, 10, 2.06, 0.45, 1.36
14.75, 10, 2.06, 0.45, 1.36
14.80, 10, 2.06, 0.45, 1.36
14.85, 10, 2.06, 0.45, 1.36
14.90, 10, 2.06, 0.45, 1.36
14.95, 10, 2.06, 0.45, 1.36
15.00, 10, 2.06, 0.45, 1.36
15.05, 10, 2.06, 0.45, 1.36
15.10, 10, 2.06, 0.45, 1.36
15.15, 10, 2.06, 0.45, 1.36
15.20, 10, 2.06, 0.45, 1.36
15.25, 10, 2.06, 0.45, 1.35
15.30, 10, 2.06, 0.45, 1.35
15.35, 10, 2.06, 0.45, 1.35
15.40, 10, 2.06, 0.45, 1.35
15.45, 10, 2.06, 0.45, 1.35
15.50, 10, 2.06, 0.45, 1.35
15.55, 10, 2.06, 0.45, 1.35
15.60, 10, 2.07, 0.45, 1.37
15.65, 10, 2.06, 0.45, 1.37
15.70, 10, 2.06, 0.45, 1.37
15.75, 10, 2.06, 0.45, 1.37
15.80, 10, 2.06, 0.45, 1.37
15.85, 10, 2.06, 0.45, 1.37
15.90, 10, 2.06, 0.45, 1.37
15.95, 10, 2.06, 0.45, 1.36
16.00, 10, 2.06, 0.45, 1.36
16.05, 10, 2.06, 0.45, 1.36
16.10, 10, 2.06, 0.45, 1.36
16.15, 10, 2.07, 0.45, 1.38
16.20, 10, 2.07, 0.45, 1.38
16.25, 10, 2.07, 0.45, 1.38
16.30, 10, 2.07, 0.45, 1.38
16.35, 10, 2.07, 0.45, 1.38
16.40, 10, 2.06, 0.45, 1.38
16.45, 10, 2.06, 0.45, 1.38
16.50, 10, 2.06, 0.45, 1.38
16.55, 10, 2.06, 0.45, 1.38
16.60, 10, 2.06, 0.45, 1.38
16.65, 10, 2.06, 0.45, 1.37
16.70, 10, 2.06, 0.45, 1.37
16.75, 10, 2.08, 0.45, 1.39
16.80, 10, 2.08, 0.45, 1.39
16.85, 10, 2.08, 0.45, 1.39
16.90, 10, 2.08, 0.45, 1.39
16.95, 10, 2.08, 0.45, 1.39
17.00, 10, 2.08, 0.45, 1.39
17.05, 10, 2.08, 0.45, 1.39
17.10, 10, 2.08, 0.45, 1.39
17.15, 10, 2.08, 0.45, 1.39
17.20, 10, 2.08, 0.45, 1.39
17.25, 10, 2.08, 0.45, 1.39
17.30, 10, 2.09, 0.45, 1.41
17.35, 10, 2.09, 0.45, 1.41
17.40, 10, 2.09, 0.45, 1.41
17.45, 10, 2.08, 0.45, 1.40
17.50, 10, 2.08, 0.45, 1.40
17.55, 10, 2.08, 0.45, 1.40
17.60, 10, 2.08, 0.45, 1.40
17.65, 10, 2.08, 0.45, 1.40
17.70, 10, 2.08, 0.45, 1.40
17.75, 10, 2.06, 0.45, 1.40
17.80, 10, 2.06, 0.45, 1.40
17.85, 10, 2.08, 0.45, 1.42
17.90, 10, 2.08, 0.45, 1.42
17.95, 10, 2.08, 0.45, 1.42
18.00, 10, 2.08, 0.45, 1.42
18.05, 10, 2.08, 0.45, 1.42
18.10, 10, 2.08, 0.45, 1.42
18.15, 10, 2.08, 0.45, 1.42
18.20, 10, 2.08, 0.45, 1.41
18.25, 10, 2.08, 0.45, 1.41
18.30, 10, 2.08, 0.45, 1.41
18.35, 10, 2.08, 0.45, 1.41
18.40, 10, 2.10, 0.45, 1.43
18.45, 10, 2.10, 0.45, 1.43
18.50, 10, 2.10, 0.45, 1.43
18.55, 10, 2.10, 0.45, 1.43
18.60, 10, 2.10, 0.45, 1.43
18.65, 10, 2.10, 0.45, 1.43
18.70, 10, 2.10, 0.45, 1.43
18.75, 10, 2.10, 0.45, 1.43
18.80, 10, 2.10, 0.45, 1.43
18.85, 10, 2.10, 0.45, 1.43
18.90, 10, 2.10, 0.45, 1.43
18.95, 10, 2.10, 0.45, 1.43
19.00, 10, 2.10, 0.45, 1.42
19.05, 10, 2.10, 0.45, 1.42
19.10, 10, 2.10, 0.45, 1.42
19.15, 10, 2.10, 0.45, 1.42
19.20, 10, 2.10, 0.45, 1.42
19.25, 10, 2.10, 0.45, 1.42
19.30, 10, 2.10, 0.45, 1.42
19.35, 10, 2.10, 0.45, 1.42
19.40, 10, 2.08, 0.45, 1.42
19.45, 10, 2.08, 0.45, 1.42
19.50, 10, 2.08, 0.45, 1.42
19.55, 10, 2.08, 0.45, 1.42
19.60, 10, 2.08, 0.45, 1.41
19.65, 10, 2.08, 0.45, 1.41
19.70, 10, 2.08, 0.45, 1.41
19.75, 10, 2.08, 0.45, 1.41
19.80, 10, 2.08, 0.45, 1.41
19.85, 10, 2.08, 0.45, 1.41
19.90, 10, 2.08, 0.45, 1.41
19.95, 10, 2.08, 0.45, 1.41
20.00, 10, 2.08, 0.45, 1.41
20.05, 10, 2.08, 0.45, 1.41
20.10, 10, 2.08, 0.45, 1.41
20.15, 10, 2.08, 0.45, 1.41
20.20, 10, 2.08, 0.45, 1.41
20.25, 10, 2.08, 0.45, 1.40
20.30, 10, 2.08, 0.45, 1.40
20.35, 10, 2.08, 0.45, 1.40
20.40, 10, 2.08, 0.45, 1.40
20.45, 10, 2.08, 0.45, 1.40
20.50, 10, 2.08, 0.45, 1.40
20.55, 10, 2.08, 0.45, 1.40
20.60, 10, 2.08, 0.45, 1.40
20.65, 10, 2.08, 0.45, 1.40
20.70, 10, 2.08, 0.45, 1.40
20.75, 10, 2.08, 0.45, 1.40
20.80, 10, 2.08, 0.45, 1.40
20.85, 10, 2.08, 0.45, 1.40
20.90, 10, 2.08, 0.45, 1.39
20.95, 10, 2.08, 0.45, 1.39
21.00, 10, 2.08, 0.45, 1.39
21.05, 10, 2.08, 0.45, 1.39
21.10, 10, 2.08, 0.45, 1.39
21.15, 10, 2.08, 0.45, 1.39
21.20, 10, 2.08, 0.45, 1.39
21.25, 10, 2.08, 0.45, 1.39
21.30, 10, 2.08, 0.45, 1.39
21.35, 10, 2.08, 0.45, 1.39
21.40, 10, 2.08, 0.45, 1.39
21.45, 10, 2.08, 0.45, 1.39
21.50, 10, 2.06, 0.45, 1.38
21.55, 10, 2.06, 0.45, 1.38
21.60, 10, 2.06, 0.45, 1.38
21.65, 10, 2.06, 0.45, 1.38
21.70, 10, 2.06, 0.45, 1.38
21.75, 10, 2.06, 0.45, 1.38
21.80, 10, 2.06, 0.45, 1.38
21.85, 10, 2.06, 0.45, 1.38
21.90, 10, 2.06, 0.45, 1.38
21.95, 10, 2.08, 0.45, 1.40
22.00, 10, 2.08, 0.45, 1.40
22.05, 10, 2.12, 0.45, 1.44
22.10, 10, 2.12, 0.45, 1.44
22.15, 10, 2.12, 0.45, 1.44
22.20, 10, 2.12, 0.45, 1.44
22.25, 10, 2.12, 0.45, 1.44
22.30, 10, 2.12, 0.45, 1.44
22.35, 10, 2.12, 0.45, 1.44
22.40, 10, 2.12, 0.45, 1.44
22.45, 10, 2.12, 0.45, 1.44
22.50, 10, 2.12, 0.45, 1.44
22.55, 10, 2.12, 0.45, 1.44
22.60, 10, 2.12, 0.45, 1.44
22.65, 10, 2.14, 0.45, 1.46
22.70, 10, 2.14, 0.45, 1.46
22.75, 10, 2.14, 0.45, 1.46
22.80, 10, 2.14, 0.45, 1.46
22.85, 10, 2.14, 0.45, 1.46
22.90, 10, 2.14, 0.45, 1.45
22.95, 10, 2.16, 0.45, 1.48
23.00, 10, 2.16, 0.45, 1.48
23.05, 10, 2.16, 0.45, 1.48
23.10, 10, 2.16, 0.45, 1.48
23.15, 10, 2.16, 0.45, 1.48
23.20, 10, 2.16, 0.45, 1.47
23.25, 10, 2.16, 0.45, 1.47
23.30, 10, 2.18, 0.45, 1.50
23.35, 10, 2.18, 0.45, 1.50
23.40, 10, 2.18, 0.45, 1.50
23.45, 10, 2.18, 0.45, 1.50
23.50, 10, 2.18, 0.45, 1.50
23.55, 10, 2.16, 0.45, 1.49
23.60, 10, 2.16, 0.45, 1.49
23.65, 10, 2.16, 0.45, 1.49
23.70, 10, 2.16, 0.45, 1.49
23.75, 10, 2.18, 0.45, 1.52
23.80, 10, 2.18, 0.45, 1.52
23.85, 10, 2.18, 0.45, 1.52
23.90, 10, 2.18, 0.45, 1.51
23.95, 10, 2.18, 0.45, 1.51
24.00, 10, 2.18, 0.45, 1.51
24.05, 10, 2.18, 0.45, 1.51
24.10, 10, 2.18, 0.45, 1.51
24.15, 10, 2.18, 0.45, 1.51
24.20, 10, 2.18, 0.45, 1.51
24.25, 10, 2.18, 0.45, 1.51
24.30, 10, 2.18, 0.45, 1.51
24.35, 10, 2.18, 0.45, 1.51
24.40, 10, 2.18, 0.45, 1.51
24.45, 10, 2.18, 0.45, 1.51
24.50, 10, 2.16, 0.45, 1.50
24.55, 10, 2.16, 0.45, 1.50
24.60, 10, 2.16, 0.45, 1.50
24.65, 10, 2.16, 0.45, 1.50
24.70, 10, 2.16, 0.45, 1.50
24.75, 10, 2.16, 0.45, 1.50
24.80, 10, 2.16, 0.45, 1.50
24.85, 10, 2.16, 0.45, 1.50
24.90, 10, 2.16, 0.45, 1.50
24.95, 10, 2.16, 0.45, 1.50
25.00, 10, 2.16, 0.45, 1.50
25.05, 10, 2.16, 0.45, 1.49
25.10, 10, 2.16, 0.45, 1.49
25.15, 10, 2.16, 0.45, 1.49
25.20, 10, 2.16, 0.45, 1.49
25.25, 10, 2.18, 0.45, 1.52
25.30, 10, 2.20, 0.45, 1.55
25.35, 10, 2.20, 0.45, 1.54
25.40, 10, 2.20, 0.45, 1.54
25.45, 10, 2.23, 0.45, 1.57
25.50, 10, 2.23, 0.45, 1.57
25.55, 10, 2.23, 0.45, 1.57
25.60, 10, 2.23, 0.45, 1.57
25.65, 10, 2.21, 0.45, 1.57
25.70, 10, 2.21, 0.45, 1.57
25.75, 10, 2.21, 0.45, 1.57
25.80, 10, 2.21, 0.45, 1.56
25.85, 10, 2.21, 0.45, 1.56
25.90, 10, 2.21, 0.45, 1.56
25.95, 10, 2.21, 0.45, 1.56
26.00, 10, 2.21, 0.45, 1.56
26.05, 10, 2.21, 0.45, 1.56
26.10, 10, 2.21, 0.45, 1.56
26.15, 10, 2.21, 0.45, 1.56
26.20, 10, 2.21, 0.45, 1.56
26.25, 10, 2.21, 0.45, 1.56
26.30, 10, 2.21, 0.45, 1.56
26.35, 10, 2.21, 0.45, 1.55
26.40, 10, 2.21, 0.45, 1.55
26.45, 10, 2.21, 0.45, 1.55
26.50, 10, 2.21, 0.45, 1.55
26.55, 10, 2.21, 0.45, 1.55
26.60, 10, 2.21, 0.45, 1.55
26.65, 10, 2.21, 0.45, 1.55
26.70, 10, 2.21, 0.45, 1.55
26.75, 10, 2.21, 0.45, 1.55
26.80, 10, 2.21, 0.45, 1.55
26.85, 10, 2.21, 0.45, 1.55
26.90, 10, 2.21, 0.45, 1.54
26.95, 10, 2.21, 0.45, 1.54
27.00, 10, 2.21, 0.45, 1.54
27.05, 10, 2.21, 0.45, 1.54
27.10, 10, 2.21, 0.45, 1.54
27.15, 10, 2.21, 0.45, 1.54
27.20, 10, 2.21, 0.45, 1.54
27.25, 10, 2.21, 0.45, 1.54
27.30, 10, 2.21, 0.45, 1.54
27.35, 10, 2.21, 0.45, 1.54
27.40, 10, 2.21, 0.45, 1.53
27.45, 10, 2.21, 0.45, 1.53
27.50, 10, 2.21, 0.45, 1.53
27.55, 10, 2.21, 0.45, 1.53
27.60, 10, 2.21, 0.45, 1.53
27.65, 10, 2.21, 0.45, 1.53
27.70, 10, 2.21, 0.45, 1.53
27.75, 10, 2.21, 0.45, 1.53
27.80, 10, 2.21, 0.45, 1.53
27.85, 10, 2.21, 0.45, 1.53
27.90, 10, 2.21, 0.45, 1.53
27.95, 10, 2.21, 0.45, 1.52
28.00, 10, 2.21, 0.45, 1.52
28.05, 10, 2.21, 0.45, 1.52
28.10, 10, 2.21, 0.45, 1.52
28.15, 10, 2.21, 0.45, 1.52
28.20, 10, 2.21, 0.45, 1.52
28.25, 10, 2.21, 0.45, 1.52
28.30, 10, 2.21, 0.45, 1.52
28.35, 10, 2.21, 0.45, 1.52
28.40, 10, 2.21, 0.45, 1.52
28.45, 10, 2.21, 0.45, 1.51
28.50, 10, 2.21, 0.45, 1.51
28.55, 10, 2.21, 0.45, 1.51
28.60, 10, 2.21, 0.45, 1.51
28.65, 10, 2.21, 0.45, 1.51
28.70, 10, 2.21, 0.45, 1.51
28.75, 10, 2.21, 0.45, 1.51
28.80, 10, 2.21, 0.45, 1.51
28.85, 10, 2.21, 0.45, 1.51
28.90, 10, 2.21, 0.45, 1.51
28.95, 10, 2.21, 0.45, 1.51
29.00, 10, 2.21, 0.45, 1.50
29.05, 10, 2.21, 0.45, 1.50
29.10, 10, 2.21, 0.45, 1.50
29.15, 10, 2.21, 0.45, 1.50
29.20, 10, 2.21, 0.45, 1.50
29.25, 10, 2.21, 0.45, 1.50
29.30, 10, 2.21, 0.45, 1.50
29.35, 10, 2.21, 0.45, 1.50
29.40, 10, 2.21, 0.45, 1.50
29.45, 10, 2.21, 0.45, 1.50
29.50, 10, 2.21, 0.45, 1.50
29.55, 10, 2.21, 0.45, 1.49
29.60, 10, 2.21, 0.45, 1.49
29.65, 10, 2.21, 0.45, 1.49
29.70, 10, 2.21, 0.45, 1.49
29.75, 10, 2.21, 0.45, 1.49
29.80, 10, 2.21, 0.45, 1.49
29.85, 10, 2.21, 0.45, 1.49
29.90, 10, 2.21, 0.45, 1.49
29.95, 10, 2.21, 0.45, 1.49
30.00, 10, 2.21, 0.45, 1.49
30.05, 10, 2.21, 0.45, 1.48
30.10, 10, 2.21, 0.45, 1.48
30.15, 10, 2.19, 0.45, 1.48
30.20, 10, 2.19, 0.45, 1.48
30.25, 10, 2.19, 0.45, 1.48
30.30, 10, 2.19, 0.45, 1.48
30.35, 10, 2.19, 0.45, 1.48
30.40, 10, 2.19, 0.45, 1.48
30.45, 10, 2.19, 0.45, 1.48
30.50, 10, 2.19, 0.45, 1.48
30.55, 10, 2.19, 0.45, 1.48
30.60, 10, 2.19, 0.45, 1.47
30.65, 10, 2.19, 0.45, 1.47
30.70, 10, 2.19, 0.45, 1.47
30.75, 10, 2.19, 0.45, 1.47
30.80, 10, 2.19, 0.45, 1.47
30.85, 10, 2.19, 0.45, 1.47
30.90, 10, 2.19, 0.45, 1.47
30.95, 10, 2.19, 0.45, 1.47
31.00, 10, 2.19, 0.45, 1.47
31.05, 10, 2.19, 0.45, 1.47
31.10, 10, 2.19, 0.45, 1.46
31.15, 10, 2.19, 0.45, 1.46
31.20, 10, 2.19, 0.45, 1.46
31.25, 10, 2.19, 0.45, 1.46
31.30, 10, 2.19, 0.45, 1.46
31.35, 10, 2.19, 0.45, 1.46
31.40, 10, 2.19, 0.45, 1.46
31.45, 10, 2.19, 0.45, 1.46
31.50, 10, 2.19, 0.45, 1.46
31.55, 10, 2.19, 0.45, 1.46
31.60, 10, 2.19, 0.45, 1.46
31.65, 10, 2.19, 0.45, 1.45
31.70, 10, 2.19, 0.45, 1.45
31.75, 10, 2.19, 0.45, 1.45
31.80, 10, 2.19, 0.45, 1.45
31.85, 10, 2.19, 0.45, 1.45
31.90, 10, 2.19, 0.45, 1.45
31.95, 10, 2.19, 0.45, 1.45
32.00, 10, 2.19, 0.45, 1.45
32.05, 10, 2.19, 0.45, 1.45
32.10, 10, 2.19, 0.45, 1.45
32.15, 10, 2.19, 0.45, 1.45
32.20, 10, 2.19, 0.45, 1.44
32.25, 10, 2.19, 0.45, 1.44
32.30, 10, 2.19, 0.45, 1.44
32.35, 10, 2.19, 0.45, 1.44
32.40, 10, 2.19, 0.45, 1.44
32.45, 10, 2.19, 0.45, 1.44
32.50, 10, 2.19, 0.45, 1.44
32.55, 10, 2.19, 0.45, 1.44
32.60, 10, 2.19, 0.45, 1.44
32.65, 10, 2.19, 0.45, 1.44
32.70, 10, 2.19, 0.45, 1.43
32.75, 10, 2.19, 0.45, 1.43
32.80, 10, 2.19, 0.45, 1.43
32.85, 10, 2.19, 0.45, 1.43
32.90, 10, 2.19, 0.45, 1.43
32.95, 10, 2.19, 0.45, 1.43
33.00, 10, 2.19, 0.45, 1.43
33.05, 10, 2.19, 0.45, 1.43
33.10, 10, 2.19, 0.45, 1.43
33.15, 10, 2.19, 0.45, 1.43
33.20, 10, 2.19, 0.45, 1.43
33.25, 10, 2.19, 0.45, 1.42
33.30, 10, 2.19, 0.45, 1.42
33.35, 10, 2.19, 0.45, 1.42
33.40, 10, 2.19, 0.45, 1.42
33.45, 10, 2.19, 0.45, 1.42
33.50, 10, 2.19, 0.45, 1.42
33.55, 10, 2.19, 0.45, 1.42
33.60, 10, 2.19, 0.45, 1.42
33.65, 10, 2.19, 0.45, 1.42
33.70, 10, 2.19, 0.45, 1.42
33.75, 10, 2.19, 0.45, 1.41
33.80, 10, 2.19, 0.45, 1.41
33.85, 10, 2.19, 0.45, 1.41
33.90, 10, 2.19, 0.45, 1.41
33.95, 10, 2.19, 0.45, 1.41
34.00, 10, 2.19, 0.45, 1.41
34.05, 10, 2.19, 0.45, 1.41
34.10, 10, 2.17, 0.45, 1.41
34.15, 10, 2.17, 0.45, 1.41
34.20, 10, 2.17, 0.45, 1.41
34.25, 10, 2.17, 0.45, 1.41
34.30, 10, 2.17, 0.45, 1.40
34.35, 10, 2.17, 0.45, 1.40
34.40, 10, 2.17, 0.45, 1.40
34.45, 10, 2.17, 0.45, 1.40
34.50, 10, 2.17, 0.45, 1.40
34.55, 10, 2.17, 0.45, 1.40
34.60, 10, 2.17, 0.45, 1.40
34.65, 10, 2.17, 0.45, 1.40
34.70, 10, 2.17, 0.45, 1.40
34.75, 10, 2.17, 0.45, 1.40
34.80, 10, 2.17, 0.45, 1.40
34.85, 10, 2.17, 0.45, 1.39
34.90, 10, 2.17, 0.45, 1.39
34.95, 10, 2.17, 0.45, 1.39
35.00, 10, 2.17, 0.45, 1.39
