Data from: sydney_clean.csv
Longest dry period: 35
Storage capacity, Temporal reliability, Volumetric reliability, Overflow fraction, Total failure (fraction)
0.250, 0.613, 0.642, 0.773, 0.322
0.300, 0.649, 0.679, 0.760, 0.293
0.350, 0.678, 0.711, 0.749, 0.267
0.400, 0.720, 0.740, 0.739, 0.229
0.450, 0.745, 0.765, 0.730, 0.211
0.500, 0.767, 0.787, 0.722, 0.192
0.550, 0.784, 0.805, 0.716, 0.177
0.600, 0.808, 0.822, 0.710, 0.159
0.650, 0.822, 0.836, 0.705, 0.149
0.700, 0.834, 0.847, 0.701, 0.142
0.750, 0.844, 0.856, 0.698, 0.134
0.800, 0.854, 0.864, 0.694, 0.125
0.850, 0.862, 0.873, 0.691, 0.117
0.900, 0.870, 0.882, 0.688, 0.110
0.950, 0.880, 0.890, 0.685, 0.102
1.000, 0.887, 0.897, 0.682, 0.095
1.050, 0.897, 0.904, 0.679, 0.088
1.100, 0.904, 0.911, 0.676, 0.084
1.150, 0.910, 0.916, 0.674, 0.079
1.200, 0.915, 0.921, 0.672, 0.075
1.250, 0.920, 0.925, 0.670, 0.071
1.300, 0.925, 0.929, 0.669, 0.068
1.350, 0.928, 0.931, 0.668, 0.066
1.400, 0.931, 0.934, 0.666, 0.064
1.450, 0.933, 0.935, 0.666, 0.062
1.500, 0.934, 0.937, 0.665, 0.060
1.550, 0.936, 0.939, 0.664, 0.059
1.600, 0.938, 0.941, 0.663, 0.057
1.650, 0.940, 0.942, 0.662, 0.056
1.700, 0.941, 0.944, 0.661, 0.055
1.750, 0.943, 0.946, 0.660, 0.053
1.800, 0.945, 0.947, 0.659, 0.051
1.850, 0.947, 0.949, 0.658, 0.050
1.900, 0.947, 0.950, 0.658, 0.049
1.950, 0.949, 0.950, 0.657, 0.048
2.000, 0.949, 0.951, 0.657, 0.047
2.050, 0.950, 0.952, 0.656, 0.047
2.100, 0.951, 0.953, 0.655, 0.046
2.150, 0.952, 0.954, 0.655, 0.044
2.200, 0.953, 0.955, 0.654, 0.044
2.250, 0.953, 0.956, 0.654, 0.043
2.300, 0.954, 0.956, 0.653, 0.042
2.350, 0.956, 0.957, 0.652, 0.041
2.400, 0.956, 0.958, 0.652, 0.040
2.450, 0.957, 0.959, 0.651, 0.040
2.500, 0.958, 0.960, 0.650, 0.039
2.550, 0.959, 0.961, 0.650, 0.038
2.600, 0.960, 0.962, 0.649, 0.037
2.650, 0.960, 0.963, 0.649, 0.036
2.700, 0.962, 0.963, 0.648, 0.035
2.750, 0.962, 0.964, 0.647, 0.034
2.800, 0.963, 0.965, 0.647, 0.034
2.850, 0.964, 0.966, 0.646, 0.033
2.900, 0.965, 0.967, 0.646, 0.031
2.950, 0.966, 0.968, 0.645, 0.031
3.000, 0.966, 0.969, 0.644, 0.030
3.050, 0.967, 0.969, 0.644, 0.029
3.100, 0.969, 0.970, 0.643, 0.028
3.150, 0.969, 0.971, 0.643, 0.027
3.200, 0.970, 0.972, 0.642, 0.027
3.250, 0.971, 0.973, 0.642, 0.026
3.300, 0.972, 0.974, 0.641, 0.025
3.350, 0.973, 0.975, 0.641, 0.024
3.400, 0.973, 0.976, 0.641, 0.023
3.450, 0.975, 0.976, 0.641, 0.022
3.500, 0.975, 0.977, 0.640, 0.021
3.550, 0.976, 0.978, 0.640, 0.021
3.600, 0.977, 0.979, 0.640, 0.020
3.650, 0.978, 0.980, 0.639, 0.018
3.700, 0.979, 0.980, 0.639, 0.018
3.750, 0.979, 0.980, 0.639, 0.018
3.800, 0.979, 0.980, 0.638, 0.018
3.850, 0.979, 0.980, 0.638, 0.018
3.900, 0.979, 0.980, 0.638, 0.018
3.950, 0.979, 0.980, 0.638, 0.018
4.000, 0.979, 0.980, 0.637, 0.018
4.050, 0.979, 0.980, 0.637, 0.018
4.100, 0.979, 0.980, 0.637, 0.018
4.150, 0.979, 0.980, 0.636, 0.018
4.200, 0.979, 0.980, 0.636, 0.018
4.250, 0.979, 0.980, 0.636, 0.018
4.300, 0.979, 0.980, 0.635, 0.018
4.350, 0.979, 0.980, 0.635, 0.018
4.400, 0.979, 0.980, 0.635, 0.018
4.450, 0.979, 0.980, 0.634, 0.018
4.500, 0.979, 0.980, 0.634, 0.018
4.550, 0.979, 0.980, 0.634, 0.018
4.600, 0.979, 0.980, 0.634, 0.018
4.650, 0.979, 0.980, 0.633, 0.018
4.700, 0.979, 0.980, 0.633, 0.018
4.750, 0.979, 0.980, 0.633, 0.018
4.800, 0.979, 0.980, 0.632, 0.018
4.850, 0.979, 0.980, 0.632, 0.018
4.900, 0.979, 0.980, 0.632, 0.018
4.950, 0.979, 0.980, 0.631, 0.018
5.000, 0.979, 0.980, 0.631, 0.018
5.050, 0.979, 0.980, 0.631, 0.018
5.100, 0.979, 0.980, 0.631, 0.018
5.150, 0.979, 0.980, 0.630, 0.018
5.200, 0.979, 0.980, 0.630, 0.018
5.250, 0.979, 0.980, 0.630, 0.018
5.300, 0.979, 0.980, 0.629, 0.018
5.350, 0.979, 0.980, 0.629, 0.018
5.400, 0.979, 0.980, 0.629, 0.018
5.450, 0.979, 0.980, 0.628, 0.018
5.500, 0.979, 0.980, 0.628, 0.018
5.550, 0.979, 0.980, 0.628, 0.018
5.600, 0.979, 0.980, 0.627, 0.018
5.650, 0.979, 0.980, 0.627, 0.018
5.700, 0.979, 0.980, 0.627, 0.018
5.750, 0.979, 0.980, 0.627, 0.018
5.800, 0.979, 0.980, 0.626, 0.018
5.850, 0.979, 0.980, 0.626, 0.018
5.900, 0.979, 0.980, 0.626, 0.018
5.950, 0.979, 0.980, 0.625, 0.018
6.000, 0.979, 0.980, 0.625, 0.018
6.050, 0.979, 0.980, 0.625, 0.018
6.100, 0.979, 0.980, 0.624, 0.018
6.150, 0.979, 0.980, 0.624, 0.018
6.200, 0.979, 0.980, 0.624, 0.018
6.250, 0.979, 0.980, 0.624, 0.018
6.300, 0.979, 0.980, 0.623, 0.018
6.350, 0.979, 0.980, 0.623, 0.018
6.400, 0.979, 0.980, 0.623, 0.018
6.450, 0.979, 0.980, 0.622, 0.018
6.500, 0.979, 0.980, 0.622, 0.018
6.550, 0.979, 0.980, 0.622, 0.018
6.600, 0.979, 0.980, 0.621, 0.018
6.650, 0.979, 0.980, 0.621, 0.018
6.700, 0.979, 0.980, 0.621, 0.018
6.750, 0.979, 0.980, 0.620, 0.018
6.800, 0.979, 0.980, 0.620, 0.018
6.850, 0.979, 0.980, 0.620, 0.018
6.900, 0.979, 0.980, 0.620, 0.018
6.950, 0.979, 0.980, 0.619, 0.018
7.000, 0.979, 0.980, 0.619, 0.018
7.050, 0.979, 0.980, 0.619, 0.018
7.100, 0.979, 0.980, 0.618, 0.018
7.150, 0.979, 0.980, 0.618, 0.018
7.200, 0.979, 0.980, 0.618, 0.018
7.250, 0.979, 0.980, 0.617, 0.018
7.300, 0.979, 0.980, 0.617, 0.018
7.350, 0.979, 0.980, 0.617, 0.018
7.400, 0.979, 0.980, 0.617, 0.018
7.450, 0.979, 0.980, 0.616, 0.018
7.500, 0.979, 0.980, 0.616, 0.018
7.550, 0.979, 0.980, 0.616, 0.018
7.600, 0.979, 0.980, 0.615, 0.018
7.650, 0.979, 0.980, 0.615, 0.018
7.700, 0.979, 0.980, 0.615, 0.018
7.750, 0.979, 0.980, 0.614, 0.018
7.800, 0.979, 0.980, 0.614, 0.018
7.850, 0.979, 0.980, 0.614, 0.018
7.900, 0.979, 0.980, 0.613, 0.018
7.950, 0.979, 0.980, 0.613, 0.018
8.000, 0.979, 0.980, 0.613, 0.018
8.050, 0.979, 0.980, 0.613, 0.018
8.100, 0.979, 0.980, 0.612, 0.018
8.150, 0.979, 0.980, 0.612, 0.018
8.200, 0.979, 0.980, 0.612, 0.018
8.250, 0.979, 0.980, 0.611, 0.018
8.300, 0.979, 0.980, 0.611, 0.018
8.350, 0.979, 0.980, 0.611, 0.018
8.400, 0.979, 0.980, 0.610, 0.018
8.450, 0.979, 0.980, 0.610, 0.018
8.500, 0.979, 0.980, 0.610, 0.018
8.550, 0.979, 0.980, 0.610, 0.018
8.600, 0.979, 0.980, 0.609, 0.018
8.650, 0.979, 0.980, 0.609, 0.018
8.700, 0.979, 0.980, 0.609, 0.018
8.750, 0.979, 0.980, 0.608, 0.018
8.800, 0.979, 0.980, 0.608, 0.018
8.850, 0.979, 0.980, 0.608, 0.018
8.900, 0.979, 0.980, 0.607, 0.018
8.950, 0.979, 0.980, 0.607, 0.018
9.000, 0.979, 0.980, 0.607, 0.018
9.050, 0.979, 0.980, 0.606, 0.018
9.100, 0.979, 0.980, 0.606, 0.018
9.150, 0.979, 0.980, 0.606, 0.018
9.200, 0.979, 0.980, 0.606, 0.018
9.250, 0.979, 0.980, 0.605, 0.018
9.300, 0.979, 0.980, 0.605, 0.018
9.350, 0.979, 0.980, 0.605, 0.018
9.400, 0.979, 0.980, 0.604, 0.018
9.450, 0.979, 0.980, 0.604, 0.018
9.500, 0.979, 0.980, 0.604, 0.018
9.550, 0.979, 0.980, 0.603, 0.018
9.600, 0.979, 0.980, 0.603, 0.018
9.650, 0.979, 0.980, 0.603, 0.018
9.700, 0.979, 0.980, 0.603, 0.018
9.750, 0.979, 0.980, 0.602, 0.018
9.800, 0.979, 0.980, 0.602, 0.018
9.850, 0.979, 0.980, 0.602, 0.018
9.900, 0.979, 0.980, 0.601, 0.018
9.950, 0.979, 0.980, 0.601, 0.018
10.000, 0.979, 0.980, 0.601, 0.018
10.050, 0.979, 0.980, 0.600, 0.018
10.100, 0.979, 0.980, 0.600, 0.018
10.150, 0.979, 0.980, 0.600, 0.018
10.200, 0.979, 0.980, 0.599, 0.018
10.250, 0.979, 0.980, 0.599, 0.018
10.300, 0.979, 0.980, 0.599, 0.018
10.350, 0.979, 0.980, 0.599, 0.018
10.400, 0.979, 0.980, 0.598, 0.018
10.450, 0.979, 0.980, 0.598, 0.018
10.500, 0.979, 0.980, 0.598, 0.018
10.550, 0.979, 0.980, 0.597, 0.018
10.600, 0.979, 0.980, 0.597, 0.018
10.650, 0.979, 0.980, 0.597, 0.018
10.700, 0.979, 0.980, 0.596, 0.018
10.750, 0.979, 0.980, 0.596, 0.018
10.800, 0.979, 0.980, 0.596, 0.018
10.850, 0.979, 0.980, 0.596, 0.018
10.900, 0.979, 0.980, 0.595, 0.018
10.950, 0.979, 0.980, 0.595, 0.018
11.000, 0.979, 0.980, 0.595, 0.018
11.050, 0.979, 0.980, 0.594, 0.018
11.100, 0.979, 0.980, 0.594, 0.018
11.150, 0.979, 0.980, 0.594, 0.018
11.200, 0.979, 0.980, 0.593, 0.018
11.250, 0.979, 0.980, 0.593, 0.018
11.300, 0.979, 0.980, 0.593, 0.018
11.350, 0.979, 0.980, 0.592, 0.018
11.400, 0.979, 0.980, 0.592, 0.018
11.450, 0.979, 0.980, 0.592, 0.018
11.500, 0.979, 0.980, 0.592, 0.018
11.550, 0.979, 0.980, 0.591, 0.018
11.600, 0.979, 0.980, 0.591, 0.018
11.650, 0.979, 0.980, 0.591, 0.018
11.700, 0.979, 0.980, 0.590, 0.018
11.750, 0.979, 0.980, 0.590, 0.018
11.800, 0.979, 0.980, 0.590, 0.018
11.850, 0.979, 0.980, 0.589, 0.018
11.900, 0.979, 0.980, 0.589, 0.018
11.950, 0.979, 0.980, 0.589, 0.018
12.000, 0.979, 0.980, 0.589, 0.018
12.050, 0.979, 0.980, 0.588, 0.018
12.100, 0.979, 0.980, 0.588, 0.018
12.150, 0.979, 0.980, 0.588, 0.018
12.200, 0.979, 0.980, 0.587, 0.018
12.250, 0.979, 0.980, 0.587, 0.018
12.300, 0.979, 0.980, 0.587, 0.018
12.350, 0.979, 0.980, 0.586, 0.018
12.400, 0.979, 0.980, 0.586, 0.018
12.450, 0.979, 0.980, 0.586, 0.018
12.500, 0.979, 0.980, 0.585, 0.018
12.550, 0.979, 0.980, 0.585, 0.018
12.600, 0.979, 0.980, 0.585, 0.018
12.650, 0.979, 0.980, 0.585, 0.018
12.700, 0.979, 0.980, 0.584, 0.018
12.750, 0.979, 0.980, 0.584, 0.018
12.800, 0.979, 0.980, 0.584, 0.018
12.850, 0.979, 0.980, 0.583, 0.018
12.900, 0.979, 0.980, 0.583, 0.018
12.950, 0.979, 0.980, 0.583, 0.018
13.000, 0.979, 0.980, 0.582, 0.018
13.050, 0.979, 0.980, 0.582, 0.018
13.100, 0.979, 0.980, 0.582, 0.018
13.150, 0.979, 0.980, 0.582, 0.018
13.200, 0.979, 0.980, 0.581, 0.018
13.250, 0.979, 0.980, 0.581, 0.018
13.300, 0.979, 0.980, 0.581, 0.018
13.350, 0.979, 0.980, 0.580, 0.018
13.400, 0.979, 0.980, 0.580, 0.018
13.450, 0.979, 0.980, 0.580, 0.018
13.500, 0.979, 0.980, 0.579, 0.018
13.550, 0.979, 0.980, 0.579, 0.018
13.600, 0.979, 0.980, 0.579, 0.018
13.650, 0.979, 0.980, 0.578, 0.018
13.700, 0.979, 0.980, 0.578, 0.018
13.750, 0.979, 0.980, 0.578, 0.018
13.800, 0.979, 0.980, 0.578, 0.018
13.850, 0.979, 0.980, 0.577, 0.018
13.900, 0.979, 0.980, 0.577, 0.018
13.950, 0.979, 0.980, 0.577, 0.018
14.000, 0.979, 0.980, 0.576, 0.018
14.050, 0.979, 0.980, 0.576, 0.018
14.100, 0.979, 0.980, 0.576, 0.018
14.150, 0.979, 0.980, 0.575, 0.018
14.200, 0.979, 0.980, 0.575, 0.018
14.250, 0.979, 0.980, 0.575, 0.018
14.300, 0.979, 0.980, 0.575, 0.018
14.350, 0.979, 0.980, 0.574, 0.018
14.400, 0.979, 0.980, 0.574, 0.018
14.450, 0.979, 0.980, 0.574, 0.018
14.500, 0.979, 0.980, 0.573, 0.018
14.550, 0.979, 0.980, 0.573, 0.018
14.600, 0.979, 0.980, 0.573, 0.018
14.650, 0.979, 0.980, 0.572, 0.018
14.700, 0.979, 0.980, 0.572, 0.018
14.750, 0.979, 0.980, 0.572, 0.018
14.800, 0.979, 0.980, 0.571, 0.018
14.850, 0.979, 0.980, 0.571, 0.018
14.900, 0.979, 0.980, 0.571, 0.018
14.950, 0.979, 0.980, 0.571, 0.018
15.000, 0.979, 0.980, 0.570, 0.018
15.050, 0.979, 0.980, 0.570, 0.018
15.100, 0.979, 0.980, 0.570, 0.018
15.150, 0.979, 0.980, 0.569, 0.018
15.200, 0.979, 0.980, 0.569, 0.018
15.250, 0.979, 0.980, 0.569, 0.018
15.300, 0.979, 0.980, 0.568, 0.018
15.350, 0.979, 0.980, 0.568, 0.018
15.400, 0.979, 0.980, 0.568, 0.018
15.450, 0.979, 0.980, 0.568, 0.018
15.500, 0.979, 0.980, 0.567, 0.018
15.550, 0.979, 0.980, 0.567, 0.018
15.600, 0.979, 0.980, 0.567, 0.018
15.650, 0.979, 0.980, 0.566, 0.018
15.700, 0.979, 0.980, 0.566, 0.018
15.750, 0.979, 0.980, 0.566, 0.018
15.800, 0.979, 0.980, 0.565, 0.018
15.850, 0.979, 0.980, 0.565, 0.018
15.900, 0.979, 0.980, 0.565, 0.018
15.950, 0.979, 0.980, 0.565, 0.018
16.000, 0.979, 0.980, 0.564, 0.018
16.050, 0.979, 0.980, 0.564, 0.018
16.100, 0.979, 0.980, 0.564, 0.018
16.150, 0.979, 0.980, 0.563, 0.018
16.200, 0.979, 0.980, 0.563, 0.018
16.250, 0.979, 0.980, 0.563, 0.018
16.300, 0.979, 0.980, 0.562, 0.018
16.350, 0.979, 0.980, 0.562, 0.018
16.400, 0.979, 0.980, 0.562, 0.018
16.450, 0.979, 0.980, 0.561, 0.018
16.500, 0.979, 0.980, 0.561, 0.018
16.550, 0.979, 0.980, 0.561, 0.018
16.600, 0.979, 0.980, 0.561, 0.018
16.650, 0.979, 0.980, 0.560, 0.018
16.700, 0.979, 0.980, 0.560, 0.018
16.750, 0.979, 0.980, 0.560, 0.018
16.800, 0.979, 0.980, 0.559, 0.018
16.850, 0.979, 0.980, 0.559, 0.018
16.900, 0.979, 0.980, 0.559, 0.018
16.950, 0.979, 0.980, 0.558, 0.018
17.000, 0.979, 0.980, 0.558, 0.018
17.050, 0.979, 0.980, 0.558, 0.018
17.100, 0.979, 0.980, 0.558, 0.018
17.150, 0.979, 0.980, 0.557, 0.018
17.200, 0.979, 0.980, 0.557, 0.018
17.250, 0.979, 0.980, 0.557, 0.018
17.300, 0.979, 0.980, 0.556, 0.018
17.350, 0.979, 0.980, 0.556, 0.018
17.400, 0.979, 0.980, 0.556, 0.018
17.450, 0.979, 0.980, 0.555, 0.018
17.500, 0.979, 0.980, 0.555, 0.018
17.550, 0.979, 0.980, 0.555, 0.018
17.600, 0.979, 0.980, 0.554, 0.018
17.650, 0.979, 0.980, 0.554, 0.018
17.700, 0.979, 0.980, 0.554, 0.018
17.750, 0.979, 0.980, 0.554, 0.018
17.800, 0.979, 0.980, 0.553, 0.018
17.850, 0.979, 0.980, 0.553, 0.018
17.900, 0.979, 0.980, 0.553, 0.018
17.950, 0.979, 0.980, 0.552, 0.018
18.000, 0.979, 0.980, 0.552, 0.018
18.050, 0.979, 0.980, 0.552, 0.018
18.100, 0.979, 0.980, 0.551, 0.018
18.150, 0.979, 0.980, 0.551, 0.018
18.200, 0.979, 0.980, 0.551, 0.018
18.250, 0.979, 0.980, 0.551, 0.018
18.300, 0.979, 0.980, 0.550, 0.018
18.350, 0.979, 0.980, 0.550, 0.018
18.400, 0.979, 0.980, 0.550, 0.018
18.450, 0.979, 0.980, 0.549, 0.018
18.500, 0.979, 0.980, 0.549, 0.018
18.550, 0.979, 0.980, 0.549, 0.018
18.600, 0.979, 0.980, 0.548, 0.018
18.650, 0.979, 0.980, 0.548, 0.018
18.700, 0.979, 0.980, 0.548, 0.018
18.750, 0.979, 0.980, 0.547, 0.018
18.800, 0.979, 0.980, 0.547, 0.018
18.850, 0.979, 0.980, 0.547, 0.018
18.900, 0.979, 0.980, 0.547, 0.018
18.950, 0.979, 0.980, 0.546, 0.018
19.000, 0.979, 0.980, 0.546, 0.018
19.050, 0.979, 0.980, 0.546, 0.018
19.100, 0.979, 0.980, 0.545, 0.018
19.150, 0.979, 0.980, 0.545, 0.018
19.200, 0.979, 0.980, 0.545, 0.018
19.250, 0.979, 0.980, 0.544, 0.018
19.300, 0.979, 0.980, 0.544, 0.018
19.350, 0.979, 0.980, 0.544, 0.018
19.400, 0.979, 0.980, 0.544, 0.018
19.450, 0.979, 0.980, 0.543, 0.018
19.500, 0.979, 0.980, 0.543, 0.018
19.550, 0.979, 0.980, 0.543, 0.018
19.600, 0.979, 0.980, 0.542, 0.018
19.650, 0.979, 0.980, 0.542, 0.018
19.700, 0.979, 0.980, 0.542, 0.018
19.750, 0.979, 0.980, 0.541, 0.018
19.800, 0.979, 0.980, 0.541, 0.018
19.850, 0.979, 0.980, 0.541, 0.018
19.900, 0.979, 0.980, 0.540, 0.018
19.950, 0.979, 0.980, 0.540, 0.018
20.000, 0.979, 0.980, 0.540, 0.018
20.050, 0.979, 0.980, 0.540, 0.018
20.100, 0.979, 0.980, 0.539, 0.018
20.150, 0.979, 0.980, 0.539, 0.018
20.200, 0.979, 0.980, 0.539, 0.018
20.250, 0.979, 0.980, 0.538, 0.018
20.300, 0.979, 0.980, 0.538, 0.018
20.350, 0.979, 0.980, 0.538, 0.018
20.400, 0.979, 0.980, 0.537, 0.018
20.450, 0.979, 0.980, 0.537, 0.018
20.500, 0.979, 0.980, 0.537, 0.018
20.550, 0.979, 0.980, 0.537, 0.018
20.600, 0.979, 0.980, 0.536, 0.018
20.650, 0.979, 0.980, 0.536, 0.018
20.700, 0.979, 0.980, 0.536, 0.018
20.750, 0.979, 0.980, 0.535, 0.018
20.800, 0.979, 0.980, 0.535, 0.018
20.850, 0.979, 0.980, 0.535, 0.018
20.900, 0.979, 0.980, 0.534, 0.018
20.950, 0.979, 0.980, 0.534, 0.018
21.000, 0.979, 0.980, 0.534, 0.018
21.050, 0.979, 0.980, 0.533, 0.018
21.100, 0.979, 0.980, 0.533, 0.018
21.150, 0.979, 0.980, 0.533, 0.018
21.200, 0.979, 0.980, 0.533, 0.018
21.250, 0.979, 0.980, 0.532, 0.018
21.300, 0.979, 0.980, 0.532, 0.018
21.350, 0.979, 0.980, 0.532, 0.018
21.400, 0.979, 0.980, 0.531, 0.018
21.450, 0.979, 0.980, 0.531, 0.018
21.500, 0.979, 0.980, 0.531, 0.018
21.550, 0.979, 0.980, 0.530, 0.018
21.600, 0.979, 0.980, 0.530, 0.018
21.650, 0.979, 0.980, 0.530, 0.018
21.700, 0.979, 0.980, 0.530, 0.018
21.750, 0.979, 0.980, 0.529, 0.018
21.800, 0.979, 0.980, 0.529, 0.018
21.850, 0.979, 0.980, 0.529, 0.018
21.900, 0.979, 0.980, 0.528, 0.018
21.950, 0.979, 0.980, 0.528, 0.018
22.000, 0.979, 0.980, 0.528, 0.018
22.050, 0.979, 0.980, 0.527, 0.018
22.100, 0.979, 0.980, 0.527, 0.018
22.150, 0.979, 0.980, 0.527, 0.018
22.200, 0.979, 0.980, 0.526, 0.018
22.250, 0.979, 0.980, 0.526, 0.018
22.300, 0.979, 0.980, 0.526, 0.018
22.350, 0.979, 0.980, 0.526, 0.018
22.400, 0.979, 0.980, 0.525, 0.018
22.450, 0.979, 0.980, 0.525, 0.018
22.500, 0.979, 0.980, 0.525, 0.018
22.550, 0.979, 0.980, 0.524, 0.018
22.600, 0.979, 0.980, 0.524, 0.018
22.650, 0.979, 0.980, 0.524, 0.018
22.700, 0.979, 0.980, 0.523, 0.018
22.750, 0.979, 0.980, 0.523, 0.018
22.800, 0.979, 0.980, 0.523, 0.018
22.850, 0.979, 0.980, 0.523, 0.018
22.900, 0.979, 0.980, 0.522, 0.018
22.950, 0.979, 0.980, 0.522, 0.018
23.000, 0.979, 0.980, 0.522, 0.018
23.050, 0.979, 0.980, 0.521, 0.018
23.100, 0.979, 0.980, 0.521, 0.018
23.150, 0.979, 0.980, 0.521, 0.018
23.200, 0.979, 0.980, 0.520, 0.018
23.250, 0.979, 0.980, 0.520, 0.018
23.300, 0.979, 0.980, 0.520, 0.018
23.350, 0.979, 0.980, 0.519, 0.018
23.400, 0.979, 0.980, 0.519, 0.018
23.450, 0.979, 0.980, 0.519, 0.018
23.500, 0.979, 0.980, 0.519, 0.018
23.550, 0.979, 0.980, 0.518, 0.018
23.600, 0.979, 0.980, 0.518, 0.018
23.650, 0.979, 0.980, 0.518, 0.018
23.700, 0.979, 0.980, 0.517, 0.018
23.750, 0.979, 0.980, 0.517, 0.018
23.800, 0.979, 0.980, 0.517, 0.018
23.850, 0.979, 0.980, 0.516, 0.018
23.900, 0.979, 0.980, 0.516, 0.018
23.950, 0.979, 0.980, 0.516, 0.018
24.000, 0.979, 0.980, 0.516, 0.018
24.050, 0.979, 0.980, 0.515, 0.018
24.100, 0.979, 0.980, 0.515, 0.018
24.150, 0.979, 0.980, 0.515, 0.018
24.200, 0.979, 0.980, 0.514, 0.018
24.250, 0.979, 0.980, 0.514, 0.018
24.300, 0.979, 0.980, 0.514, 0.018
24.350, 0.979, 0.980, 0.513, 0.018
24.400, 0.979, 0.980, 0.513, 0.018
24.450, 0.979, 0.980, 0.513, 0.018
24.500, 0.979, 0.980, 0.512, 0.018
24.550, 0.979, 0.980, 0.512, 0.018
24.600, 0.979, 0.980, 0.512, 0.018
24.650, 0.979, 0.980, 0.512, 0.018
24.700, 0.979, 0.980, 0.511, 0.018
24.750, 0.979, 0.980, 0.511, 0.018
24.800, 0.979, 0.980, 0.511, 0.018
24.850, 0.979, 0.980, 0.510, 0.018
24.900, 0.979, 0.980, 0.510, 0.018
24.950, 0.979, 0.980, 0.510, 0.018
25.000, 0.979, 0.980, 0.509, 0.018
25.050, 0.979, 0.980, 0.509, 0.018
25.100, 0.979, 0.980, 0.509, 0.018
25.150, 0.979, 0.980, 0.509, 0.018
25.200, 0.979, 0.980, 0.508, 0.018
25.250, 0.979, 0.980, 0.508, 0.018
25.300, 0.979, 0.980, 0.508, 0.018
25.350, 0.979, 0.980, 0.507, 0.018
25.400, 0.979, 0.980, 0.507, 0.018
25.450, 0.979, 0.980, 0.507, 0.018
25.500, 0.979, 0.980, 0.506, 0.018
25.550, 0.979, 0.980, 0.506, 0.018
25.600, 0.979, 0.980, 0.506, 0.018
25.650, 0.979, 0.980, 0.505, 0.018
25.700, 0.979, 0.980, 0.505, 0.018
25.750, 0.979, 0.980, 0.505, 0.018
25.800, 0.979, 0.980, 0.505, 0.018
25.850, 0.979, 0.980, 0.504, 0.018
25.900, 0.979, 0.980, 0.504, 0.018
25.950, 0.979, 0.980, 0.504, 0.018
26.000, 0.979, 0.980, 0.503, 0.018
26.050, 0.979, 0.980, 0.503, 0.018
26.100, 0.979, 0.980, 0.503, 0.018
26.150, 0.979, 0.980, 0.502, 0.018
26.200, 0.979, 0.980, 0.502, 0.018
26.250, 0.979, 0.980, 0.502, 0.018
26.300, 0.979, 0.980, 0.502, 0.018
26.350, 0.979, 0.980, 0.501, 0.018
26.400, 0.979, 0.980, 0.501, 0.018
26.450, 0.979, 0.980, 0.501, 0.018
26.500, 0.979, 0.980, 0.500, 0.018
26.550, 0.979, 0.980, 0.500, 0.018
26.600, 0.979, 0.980, 0.500, 0.018
26.650, 0.979, 0.980, 0.499, 0.018
26.700, 0.979, 0.980, 0.499, 0.018
26.750, 0.979, 0.980, 0.499, 0.018
26.800, 0.979, 0.980, 0.498, 0.018
26.850, 0.979, 0.980, 0.498, 0.018
26.900, 0.979, 0.980, 0.498, 0.018
26.950, 0.979, 0.980, 0.498, 0.018
27.000, 0.979, 0.980, 0.497, 0.018
27.050, 0.979, 0.980, 0.497, 0.018
27.100, 0.979, 0.980, 0.497, 0.018
27.150, 0.979, 0.980, 0.496, 0.018
27.200, 0.979, 0.980, 0.496, 0.018
27.250, 0.979, 0.980, 0.496, 0.018
27.300, 0.979, 0.980, 0.495, 0.018
27.350, 0.979, 0.980, 0.495, 0.018
27.400, 0.979, 0.980, 0.495, 0.018
27.450, 0.979, 0.980, 0.495, 0.018
27.500, 0.979, 0.980, 0.494, 0.018
27.550, 0.979, 0.980, 0.494, 0.018
27.600, 0.979, 0.980, 0.494, 0.018
27.650, 0.979, 0.980, 0.493, 0.018
27.700, 0.979, 0.980, 0.493, 0.018
27.750, 0.979, 0.980, 0.493, 0.018
27.800, 0.979, 0.980, 0.492, 0.018
27.850, 0.979, 0.980, 0.492, 0.018
27.900, 0.979, 0.980, 0.492, 0.018
27.950, 0.979, 0.980, 0.491, 0.018
28.000, 0.979, 0.980, 0.491, 0.018
28.050, 0.979, 0.980, 0.491, 0.018
28.100, 0.979, 0.980, 0.491, 0.018
28.150, 0.979, 0.980, 0.490, 0.018
28.200, 0.979, 0.980, 0.490, 0.018
28.250, 0.979, 0.980, 0.490, 0.018
28.300, 0.979, 0.980, 0.489, 0.018
28.350, 0.979, 0.980, 0.489, 0.018
28.400, 0.979, 0.980, 0.489, 0.018
28.450, 0.979, 0.980, 0.488, 0.018
28.500, 0.979, 0.980, 0.488, 0.018
28.550, 0.979, 0.980, 0.488, 0.018
28.600, 0.979, 0.980, 0.488, 0.018
28.650, 0.979, 0.980, 0.487, 0.018
28.700, 0.979, 0.980, 0.487, 0.018
28.750, 0.979, 0.980, 0.487, 0.018
28.800, 0.979, 0.980, 0.486, 0.018
28.850, 0.979, 0.980, 0.486, 0.018
28.900, 0.979, 0.980, 0.486, 0.018
28.950, 0.979, 0.980, 0.485, 0.018
29.000, 0.979, 0.980, 0.485, 0.018
29.050, 0.979, 0.980, 0.485, 0.018
29.100, 0.979, 0.980, 0.485, 0.018
29.150, 0.979, 0.980, 0.484, 0.018
29.200, 0.979, 0.980, 0.484, 0.018
29.250, 0.979, 0.980, 0.484, 0.018
29.300, 0.979, 0.980, 0.483, 0.018
29.350, 0.979, 0.980, 0.483, 0.018
29.400, 0.979, 0.980, 0.483, 0.018
29.450, 0.979, 0.980, 0.482, 0.018
29.500, 0.979, 0.980, 0.482, 0.018
29.550, 0.979, 0.980, 0.482, 0.018
29.600, 0.979, 0.980, 0.481, 0.018
29.650, 0.979, 0.980, 0.481, 0.018
29.700, 0.979, 0.980, 0.481, 0.018
29.750, 0.979, 0.980, 0.481, 0.018
29.800, 0.979, 0.980, 0.480, 0.018
29.850, 0.979, 0.980, 0.480, 0.018
29.900, 0.979, 0.980, 0.480, 0.018
29.950, 0.979, 0.980, 0.479, 0.018
30.000, 0.979, 0.980, 0.479, 0.018
30.050, 0.979, 0.980, 0.479, 0.018
30.100, 0.979, 0.980, 0.478, 0.018
30.150, 0.979, 0.980, 0.478, 0.018
30.200, 0.979, 0.980, 0.478, 0.018
30.250, 0.979, 0.980, 0.478, 0.018
30.300, 0.979, 0.980, 0.477, 0.018
30.350, 0.979, 0.980, 0.477, 0.018
30.400, 0.979, 0.980, 0.477, 0.018
30.450, 0.979, 0.980, 0.476, 0.018
30.500, 0.979, 0.980, 0.476, 0.018
30.550, 0.979, 0.980, 0.476, 0.018
30.600, 0.979, 0.980, 0.475, 0.018
30.650, 0.979, 0.980, 0.475, 0.018
30.700, 0.979, 0.980, 0.475, 0.018
30.750, 0.979, 0.980, 0.474, 0.018
30.800, 0.979, 0.980, 0.474, 0.018
30.850, 0.979, 0.980, 0.474, 0.018
30.900, 0.979, 0.980, 0.474, 0.018
30.950, 0.979, 0.980, 0.473, 0.018
31.000, 0.979, 0.980, 0.473, 0.018
31.050, 0.979, 0.980, 0.473, 0.018
31.100, 0.979, 0.980, 0.472, 0.018
31.150, 0.979, 0.980, 0.472, 0.018
31.200, 0.979, 0.980, 0.472, 0.018
31.250, 0.979, 0.980, 0.471, 0.018
31.300, 0.979, 0.980, 0.471, 0.018
31.350, 0.979, 0.980, 0.471, 0.018
31.400, 0.979, 0.980, 0.471, 0.018
31.450, 0.979, 0.980, 0.470, 0.018
31.500, 0.979, 0.980, 0.470, 0.018
31.550, 0.979, 0.980, 0.470, 0.018
31.600, 0.979, 0.980, 0.469, 0.018
31.650, 0.979, 0.980, 0.469, 0.018
31.700, 0.979, 0.980, 0.469, 0.018
31.750, 0.979, 0.980, 0.468, 0.018
31.800, 0.979, 0.980, 0.468, 0.018
31.850, 0.979, 0.980, 0.468, 0.018
31.900, 0.979, 0.980, 0.467, 0.018
31.950, 0.979, 0.980, 0.467, 0.018
32.000, 0.979, 0.980, 0.467, 0.018
32.050, 0.979, 0.980, 0.467, 0.018
32.100, 0.979, 0.980, 0.466, 0.018
32.150, 0.979, 0.980, 0.466, 0.018
32.200, 0.979, 0.980, 0.466, 0.018
32.250, 0.979, 0.980, 0.465, 0.018
32.300, 0.979, 0.980, 0.465, 0.018
32.350, 0.979, 0.980, 0.465, 0.018
32.400, 0.979, 0.980, 0.464, 0.018
32.450, 0.979, 0.980, 0.464, 0.018
32.500, 0.979, 0.980, 0.464, 0.018
32.550, 0.979, 0.980, 0.464, 0.018
32.600, 0.979, 0.980, 0.463, 0.018
32.650, 0.979, 0.980, 0.463, 0.018
32.700, 0.979, 0.980, 0.463, 0.018
32.750, 0.979, 0.980, 0.462, 0.018
32.800, 0.979, 0.980, 0.462, 0.018
32.850, 0.979, 0.980, 0.462, 0.018
32.900, 0.979, 0.980, 0.461, 0.018
32.950, 0.979, 0.980, 0.461, 0.018
33.000, 0.979, 0.980, 0.461, 0.018
33.050, 0.979, 0.980, 0.460, 0.018
33.100, 0.979, 0.980, 0.460, 0.018
33.150, 0.979, 0.980, 0.460, 0.018
33.200, 0.979, 0.980, 0.460, 0.018
33.250, 0.979, 0.980, 0.459, 0.018
33.300, 0.979, 0.980, 0.459, 0.018
33.350, 0.979, 0.980, 0.459, 0.018
33.400, 0.979, 0.980, 0.458, 0.018
33.450, 0.979, 0.980, 0.458, 0.018
33.500, 0.979, 0.980, 0.458, 0.018
33.550, 0.979, 0.980, 0.457, 0.018
33.600, 0.979, 0.980, 0.457, 0.018
33.650, 0.979, 0.980, 0.457, 0.018
33.700, 0.979, 0.980, 0.457, 0.018
33.750, 0.979, 0.980, 0.456, 0.018
33.800, 0.979, 0.980, 0.456, 0.018
33.850, 0.979, 0.980, 0.456, 0.018
33.900, 0.979, 0.980, 0.455, 0.018
33.950, 0.979, 0.980, 0.455, 0.018
34.000, 0.979, 0.980, 0.455, 0.018
34.050, 0.979, 0.980, 0.454, 0.018
34.100, 0.979, 0.980, 0.454, 0.018
34.150, 0.979, 0.980, 0.454, 0.018
34.200, 0.979, 0.980, 0.453, 0.018
34.250, 0.979, 0.980, 0.453, 0.018
34.300, 0.979, 0.980, 0.453, 0.018
34.350, 0.979, 0.980, 0.453, 0.018
34.400, 0.979, 0.980, 0.452, 0.018
34.450, 0.979, 0.980, 0.452, 0.018
34.500, 0.979, 0.980, 0.452, 0.018
34.550, 0.979, 0.980, 0.451, 0.018
34.600, 0.979, 0.980, 0.451, 0.018
34.650, 0.979, 0.980, 0.451, 0.018
34.700, 0.979, 0.980, 0.450, 0.018
34.750, 0.979, 0.980, 0.450, 0.018
34.800, 0.979, 0.980, 0.450, 0.018
34.850, 0.979, 0.980, 0.450, 0.018
34.900, 0.979, 0.980, 0.449, 0.018
34.950, 0.979, 0.980, 0.449, 0.018
35.000, 0.979, 0.980, 0.449, 0.018
